116
264
444
656
900
1176
1484
1824
2196
2600
3036
3504
4004
4536
5100
5696
6324
6984
7676
8400
9156
9944
10764
11616
12500
13416
14364
15344
16356
17400
18476
19584
20724
21896
23100
24336
25604
26904
28236
29600
30996
32424
33884
35376
36900
38456
40044
41664
43316
45000
46716
48464
50244
52056
53900
55776
57684
59624
61596
63600
65636
67704
69804
71936
74100
76296
78524
80784
83076
85400
87756
90144
92564
95016
97500
100016
102564
105144
107756
110400
113076
115784
118524
121296
124100
126936
129804
132704
135636
138600
141596
144624
147684
150776
153900
157056
160244
163464
166716
170000